0 0.542263 0.909946 0.142485 0.142457
0 0.336167 0.248293 0.556156 0.493745
0 0.332221 0.727896 0.159703 0.15848
0 0.782759 0.675094 0.0752613 0.0745858
0 0.860461 0.967768 0.118142 0.0644632
0 0.559035 0.534325 0.108743 0.108872
0 0.624432 0.778584 0.070016 0.0671082
0 0.238023 0.879427 0.163441 0.163813
0 0.849187 0.113889 0.0811478 0.0840934
0 0.75259 0.49215 0.0624958 0.0614615
0 0.0648212 0.294231 0.120571 0.128481
0 0.782404 0.676021 0.0919807 0.0914663
0 0.624195 0.778445 0.08605 0.0800941
0 0.961398 0.298954 0.0772031 0.126393
0 0.58325 0.966118 0.19246 0.0671806
0 0.791932 0.222925 0.0626711 0.0633379
