0 0.889427 0.711992 0.10127 0.103125
0 0.892463 0.189385 0.215074 0.247675
0 0.371901 0.114561 0.0932979 0.0913339
0 0.189789 0.708014 0.0798809 0.081954
0 0.37327 0.515189 0.0852821 0.0880487
0 0.599999 0.832741 0.0818926 0.0816778
0 0.414021 0.729861 0.0951863 0.100447
0 0.723136 0.10311 0.233248 0.203465
0 0.304782 0.951937 0.131904 0.0960661
0 0.449727 0.965151 0.105681 0.0696981
0 0.532827 0.915769 0.142353 0.1313
0 0.908354 0.41988 0.183083 0.323718
0 0.408745 0.337025 0.0942623 0.0949419
0 0.132934 0.124646 0.261987 0.247627
0 0.470922 0.0263583 0.103519 0.0524748
0 0.65391 0.533189 0.0504118 0.0544381
0 0.889165 0.7141 0.0820694 0.0857718
0 0.753811 0.964557 0.0719775 0.0701365
0 0.700169 0.899583 0.10556 0.118469
0 0.414375 0.72793 0.0778657 0.0837928
0 0.349905 0.379246 0.111002 0.118018
0 0.125934 0.949793 0.0466318 0.0468794
0 0.969296 0.946298 0.0606035 0.107403
