0 0.211949 0.184144 0.139857 0.144235
0 0.163209 0.603783 0.0824047 0.0837097
0 0.403688 0.434672 0.0926203 0.100611
0 0.0558675 0.573381 0.0991649 0.104282
0 0.780654 0.284842 0.436745 0.470484
0 0.323913 0.473927 0.11065 0.131805
0 0.907834 0.60878 0.184332 0.216679
0 0.31973 0.787679 0.140354 0.15297
0 0.0531013 0.660825 0.105829 0.127394
0 0.45449 0.969732 0.0860559 0.0605156
0 0.26 0.0808319 0.0873533 0.0882535
0 0.579733 0.800436 0.0917374 0.0960953
0 0.0430587 0.79981 0.0856004 0.0876998
0 0.0619897 0.932971 0.123714 0.127177
0 0.621904 0.92898 0.138701 0.138107
0 0.63938 0.0277073 0.0638317 0.0554145
