0 0.674446 0.751174 0.332191 0.321687
0 0.379749 0.0359218 0.0948498 0.0713165
0 0.132514 0.899088 0.0738448 0.0720177
0 0.460648 0.827156 0.172525 0.17306
0 0.841998 0.0813122 0.271279 0.161698
0 0.216624 0.0291722 0.0711325 0.0574479
0 0.522221 0.345051 0.12152 0.126445
0 0.071593 0.869844 0.102225 0.10653
0 0.394329 0.311348 0.101803 0.107142
0 0.625146 0.122708 0.239305 0.244748
0 0.898441 0.29443 0.201548 0.305766
0 0.834493 0.919206 0.322021 0.161587
0 0.18848 0.377453 0.0762021 0.0789822
0 0.216192 0.0333084 0.0916452 0.0663061
0 0.285915 0.700146 0.0703319 0.0691106
0 0.132934 0.899927 0.0921464 0.0884174
0 0.504795 0.0738079 0.0685514 0.071856
0 0.739043 0.336351 0.155911 0.158125
0 0.166318 0.937203 0.0645665 0.0649349
0 0.902751 0.508013 0.0566975 0.0555092
0 0.378488 0.312127 0.150833 0.137121
