0 0.580037 0.0525866 0.117646 0.102323
0 0.0528619 0.138557 0.105536 0.124096
0 0.479656 0.804602 0.360699 0.378249
0 0.857475 0.142893 0.129772 0.135092
0 0.725586 0.314838 0.143876 0.147537
0 0.310391 0.41133 0.113086 0.113439
0 0.946199 0.180221 0.0939701 0.0924269
0 0.715984 0.192417 0.103921 0.106828
0 0.179705 0.0345001 0.089319 0.0690002
0 0.605033 0.35927 0.193484 0.197407
0 0.453574 0.545087 0.0728455 0.0745066
0 0.559731 0.541456 0.126138 0.139191
0 0.600049 0.216982 0.212966 0.194291
0 0.451835 0.545461 0.0900431 0.0879469
0 0.899831 0.570285 0.151278 0.157273
0 0.293199 0.895591 0.0985569 0.100449
0 0.244745 0.0414221 0.0899084 0.0810919
0 0.21999 0.841922 0.137573 0.144884
0 0.899338 0.287581 0.131281 0.139946
0 0.161711 0.812413 0.0888208 0.0911083
0 0.787584 0.101471 0.0793866 0.0767207
0 0.0184942 0.829777 0.0369885 0.0587715
