0 0.929606 0.682738 0.108378 0.114844
0 0.0340791 0.306001 0.0572614 0.0566402
0 0.711187 0.122548 0.0604341 0.0611695
0 0.679334 0.278056 0.0817362 0.0849765
0 0.674874 0.897796 0.0983328 0.100924
0 0.677933 0.278849 0.0677038 0.0695919
0 0.782167 0.0848693 0.0827989 0.0865658
0 0.851933 0.906092 0.285983 0.187749
0 0.470709 0.60874 0.941418 0.782519
0 0.312974 0.022768 0.0521426 0.0455029
0 0.775186 0.538599 0.0541372 0.055979
0 0.194393 0.329901 0.0555551 0.0552711
0 0.775474 0.539115 0.0650724 0.0685431
